  4  4  4  4  4  4  4  4  4  4  4  4  4  4  4  4
  4  1  1  3  3  0  0  0  0  0  0  0  0  0  0  4
  4  0  0  0  0  0  0  0  0  0  0  0  0  0  0  4
  4  0  3  0  1  0  0  0  0  0  0  0  0  0  0  4
  4  0  0  0  1  0  1  0  0  0  0  0  0  0  0  4
  4  3  0  0  0  0  1  1  0  0  0  0  0  0  0  4
  4  0  0  3  0  0  0  0  0  0  0  0  0  0  0  4
  4  0  0  0  0  0  0  9  0  0  0  0  0  0  0  4
  4  0  0  0  0  0  0  0  0  0  0  0  0  0  0  4
  4  0  0  0  0  6  7  8  0  0  0  0  0  0  0  4
  4  0  0  0  0  0  0  0  0  0  0  0  0  0  0  4
  4  0  0  0  0  0  0  0  0  0  0  0  0  0  0  4
  4  0  0  0  0  0  0  0  0  0  0  0  0  0  0  4
  4  0  0  0  0  0  0  0  0  0  0  0  0  0  0  4
  4  0  0  0  0  0  0  0  0  0  0  0  0  0  0  4
  4  4  4  4  4  4  4  4  4  4  4  4  4  4  4  4
